3,2
3,1
3,3
10,158
10,197
10,132
10,102
10,14
10,282
10,7
10,1
10,27
10,2
10,3
11,26
11,9
11,8
11,16
11,1
11,30
11,2
11,3
9,5
9,1
9,7
9,2
9,3
8,10
8,16
8,7
8,11
8,6
8,18
8,1
8,15
8,2
8,3
0,549
12,2
12,1
12,3
20,2
20,1
20,3
19,2
19,1
19,3
162,4
162,3
162,2
162,1
162,0
160,3
160,2
160,1
160,0
124,3
124,2
124,1
124,0
120,11
120,10
120,9
120,8
120,7
120,6
120,5
120,4
120,3
120,2
120,1
120,0
118,4
118,3
118,2
118,1
118,0
116,3
116,2
116,1
116,0
115,3
18,1
115,2
18,3
115,1
115,0
14,9
14,1
14,5
14,3
13,1
13,3
0,568
0,489
0,478
0,459
0,456
0,455
0,454
0,453
0,452
0,451
0,450
0,449
0,444
0,395
0,394
0,393
0,392
0,388
0,384
0,319
0,318
